31
76
97
95
73
84
63
67
44
38
24
53
77
59
47
1
94
34
52
82
158
132
162
110
104
126
164
115
142
139
168
108
106
177
203
183
175
228
194
249
185
240
231
191
207
245
236
221
250
349
256
326
350
312
291
254
289
298
327
339
324
270
267
288
300
342
353
281
351
317
544
530
367
426
475
365
501
449
463
479
511
526
508
405
442
504
425
412
415
395
384
496
462
527
422
483
379
477
441
494
437
517
375
438
484
414
406
592
575
583
555
568
550
582
553
557
577
697
641
664
638
657
680
673
633
640
693
670
608
636
630
644
651
616
666
652
643
20
18
85
26
80
72
40
58
33
13
69
14
16
65
5
57
102
42
78
17
103
105
129
127
161
151
107
146
140
125
123
150
154
199
176
181
230
225
222
213
174
195
235
206
243
212
238
251
227
294
299
329
284
269
335
346
323
263
355
282
356
302
337
347
333
321
330
322
296
305
432
487
481
433
537
470
450
371
363
362
542
378
523
440
474
399
364
385
417
529
482
510
423
380
427
513
525
372
518
495
389
424
460
416
420
516
464
559
576
554
591
565
588
551
587
584
594
671
629
600
597
676
627
602
677
691
663
605
661
649
596
660
637
617
659
645
656
90
10
48
50
36
71
70
15
91
28
54
61
9
99
11
12
45
101
43
89
165
113
144
149
111
135
134
145
128
114
138
137
147
226
197
179
201
217
170
219
202
220
192
247
215
252
184
239
182
354
286
255
262
273
287
334
336
268
340
328
318
357
265
257
341
258
307
264
344
345
447
393
522
493
418
471
407
532
410
521
489
455
443
376
540
402
476
381
392
473
472
401
366
486
435
467
457
488
434
377
451
528
533
465
404
509
485
547
585
567
562
595
569
578
560
580
549
642
684
612
675
620
646
665
628
669
654
653
699
648
690
672
613
625
667
607
662
83
39
55
46
98
19
23
86
88
87
56
6
30
62
2
96
4
0
29
27
22
37
51
153
119
117
121
116
160
163
136
112
141
157
152
155
133
234
186
244
205
178
193
210
173
200
190
216
180
172
187
241
196
242
232
218
248
314
261
352
285
253
338
271
293
274
259
266
290
316
303
277
313
306
315
278
348
295
373
514
408
524
403
466
499
503
536
400
497
538
448
439
478
361
539
421
444
492
490
388
411
419
535
386
369
360
456
359
452
543
480
453
512
545
370
382
368
383
572
570
566
556
573
561
590
546
579
564
658
639
674
692
621
598
632
686
603
623
678
689
679
615
668
698
695
634
655
601
622
619
624
599
